 T   log_Wcor   Icor   Mcor 
 5      2.224  14.51  -18.79
 4      2.418  13.10  -20.79
 5      2.519  11.69  -21.79
 4      2.288  14.13  -19.28
 5      2.554  12.14  -21.27
 5      2.310  13.75  -19.69
 5      2.411  13.22  -19.95
 3      2.352  13.14  -20.20
 3      2.452  12.69  -20.67
 5      2.331  13.86  -19.97
 3      2.416  13.25  -19.87
 3      2.592  12.76  -20.43
 3B     2.674  11.08  -22.51
 5      2.352  13.18  -20.48
 4      2.404  13.04  -20.17
 5B     2.327  12.48  -19.10
 2      2.724  11.18  -22.09
 5      2.489  13.35  -20.02
 2B     2.595  12.50  -21.66
 3      2.568  12.54  -20.92
 3B     2.554  12.18  -21.27
 5      2.393  12.59  -20.87
 5      2.438  13.56  -20.33
10      2.194  14.34  -19.12
 3B     2.476  12.42  -21.03
 5      2.431  12.53  -20.93
 2      2.651  12.19  -21.27
 3      2.379  14.07  -20.03
 5      2.463  12.49  -20.96
 5      2.272  14.57  -18.86
 5      2.378  13.59  -19.70
 5      2.464  12.74  -20.25
 5      2.390  12.45  -20.98
 2B     2.645  11.28  -22.15
 5      2.498  13.21  -20.90
 4      2.425  12.91  -20.52
 5      2.458  12.71  -20.72
 5      2.235  13.55  -19.43
 2      2.686  11.12  -22.31
 4      2.508  12.17  -21.26
 5      2.519  13.41  -20.75
 2      2.698  11.58  -21.85
 1      2.573  11.80  -21.62
 3B     2.706  10.86  -22.57
 3      2.362  14.01  -18.93
 5      2.510  11.95  -20.94
 4B     2.565  11.76  -21.72
 3      2.472  13.10  -20.86
 3      2.463  14.07  -20.01
 5      2.180  14.90  -18.53
 3B     2.631  11.53  -21.53
 5      2.446  12.78  -20.80
 4      2.300  13.99  -19.33
 5      2.535  11.94  -21.67
 2      2.530  12.30  -21.37
 5B     2.420  13.14  -20.55
 3      2.559  11.85  -21.51
 2      2.807  10.50  -22.86
10      2.464  12.59  -20.77
 2      2.540  12.82  -20.54
 0      2.695  11.61  -21.75
 8      2.223  14.27  -19.10
 3B     2.606  11.44  -21.92
 3      2.637  11.74  -21.62
 3      2.347  12.83  -20.53
 3      2.492  12.57  -20.79
 5B     2.591  11.98  -21.39
 3B     2.522  12.15  -21.52
 3B     2.413  12.42  -20.94
 5      2.362  13.52  -19.84
 3B     2.323  13.61  -19.75
 3      2.603  12.89  -20.47
 5      2.618  11.01  -22.35
 2      2.529  11.90  -21.46
 5      2.535  12.20  -21.16
 2B     2.525  11.86  -21.11
 5      2.644  10.99  -22.74
 5      2.185  14.48  -19.02
 4B     2.583  11.77  -21.75
 4B     2.667  11.06  -21.98
 5      2.339  12.95  -20.45
 4      2.512  12.53  -21.00
 5B     2.264  14.55  -18.92
 5      2.431  13.78  -20.32
 5      2.509  13.20  -20.84
 5      2.612  12.13  -21.75
 4      2.413  13.86  -20.59
 5      2.542  12.29  -21.17
 5B     2.514  12.92  -20.68
 5      2.458  13.13  -20.74
 3      2.694  11.78  -22.33
 5B     2.515  10.75  -21.29
 5B     2.501  12.46  -21.52
10      2.438  13.28  -20.54
 5B     2.304  12.81  -21.25
 5      2.450  12.40  -20.78
 3      2.514  13.15  -21.09
 0      2.761  11.16  -23.07
 2      2.621  12.59  -21.64
 5      2.462  13.46  -20.95
 4      2.669  12.11  -22.37
 5      2.425  13.42  -20.01
 5      2.616  12.61  -21.63
 5      2.520  13.16  -21.40
 4B     2.489  13.41  -20.83
 5      2.569  12.80  -21.43
 3      2.587  12.82  -21.41
 5      2.387  11.94  -20.34
 3      2.624  12.79  -21.44
 5      2.532  13.14  -21.09
 4      2.345  13.83  -20.40
 3      2.526  12.74  -21.11
 5      2.446  13.20  -21.00
 5      2.552  13.49  -21.11
 5      2.526  12.93  -21.24
 5      2.491  10.52  -20.86
 5      2.209  14.42  -17.86
 5      2.431  11.76  -19.86
 5B     2.382  10.92  -20.02
 3      2.301  13.29  -19.22
 5      2.605   9.10  -21.83
 5      2.384  10.84  -20.10
 5      2.498  10.17  -20.77
10      2.193  12.39  -18.55
 4      2.306  12.18  -18.75
 5      2.379  10.90  -19.55
 4      2.284  11.60  -19.34
 3B     2.572   9.15  -21.79
 5      2.041  13.80  -17.14
 3      2.543  10.08  -20.86
 5      2.223  12.65  -18.28
 5      2.046  14.02  -16.92
 4      2.616   9.80  -21.14
 3      2.157  13.58  -17.36
 4B     2.434  10.90  -20.04
 5      2.410  12.06  -18.89
 6      2.152  13.11  -17.83
 5B     2.350   9.96  -20.98
 4      2.198  12.99  -17.94
 3      2.193  12.91  -18.03
 3      2.386  11.78  -19.16
 4      2.236  12.00  -18.94
 4      2.536   9.97  -21.49
 5      2.528  10.72  -20.83
 4B     2.441  11.19  -19.75
 3      2.505  11.01  -19.93
 3      2.380  11.37  -19.57
 5      2.303  11.69  -19.25
10B     2.122  13.24  -18.04
 3B     2.361  11.61  -19.64
 5      2.119  13.09  -18.14
 5      2.209  13.01  -18.18
 5      2.336  11.92  -19.42
 5      2.573  11.42  -19.12
 4B     2.723   8.05  -22.17
 5      2.106  13.37  -17.25
 4      2.253  11.99  -18.57
 7      2.094  11.34  -18.29
10      2.090  12.92  -17.70
 7      2.176  12.40  -18.22
 5      2.150  12.70  -17.91
 5      2.339  11.42  -18.47
 5      2.339  11.38  -19.24
 1      2.112  13.51  -17.11
 0      2.481   9.37  -21.25
 5      2.267  11.76  -18.86
 1      2.612   8.91  -21.71
 3      2.225  12.69  -17.93
 6      2.204  12.62  -18.00
 5      1.968  13.77  -16.84
 5      2.693   8.24  -22.38
 3      2.438  10.74  -19.88
 5      2.466   9.78  -20.84
10      2.010  12.16  -18.46
 3      2.011  12.40  -18.22
 5      2.572   9.56  -21.06
 5      2.462  10.40  -20.22
 5      2.582   9.05  -21.56
10      1.783  14.82  -15.80
 8      1.990  11.92  -18.70
 7      2.430  10.10  -20.52
10      2.074  12.75  -17.87
 7      2.391  10.42  -19.42
 4      2.035  12.52  -18.10
 6      2.196  11.80  -18.82
 7      2.274  10.99  -19.19
 5      2.309  11.05  -19.57
 5      1.954  14.73  -15.27
 3      2.468   8.98  -20.67
 5      2.023  14.13  -16.49
 5      2.716   8.37  -22.24
 5      2.427  11.11  -20.25
 6      2.277  10.69  -19.42
 5      2.263  11.52  -18.82
 6      2.153  13.81  -17.00
 6B     2.296  10.16  -19.19
 5      2.340  13.29  -20.15
 4      2.501  12.45  -20.98
 5      2.574  12.24  -21.45
 5      2.363  13.18  -20.04
 5      2.124  11.63  -21.56
 5B     2.554  12.23  -21.86
 4B     2.666  11.07  -21.86
 5      2.399  13.17  -20.32
 4      2.550  12.56  -21.41
 4      2.575  11.71  -21.78
 5B     2.483  11.39  -21.54
 5B     2.166  13.20  -18.62
 3      2.480  12.70  -20.79
 7      2.180  13.79  -19.15
 5      2.344  13.48  -20.01
 4      2.596  12.56  -20.93
 3      2.365  13.79  -19.70
 8      2.375  14.01  -20.10
 5      2.370  13.68  -19.81
 1      2.422  14.08  -19.40
 3B     2.630  11.26  -21.68
 3      2.268  14.13  -19.36
 6      2.300  13.13  -20.36
 5      2.172  15.23  -18.88
 4      2.450  12.87  -20.62
 2      2.510  13.31  -20.80
 5      2.237  13.62  -19.31
 5      2.521  11.90  -21.18
 5B     2.369  13.29  -20.68
 5      2.562  11.10  -20.73
 5B     2.391  12.59  -20.89
 5      2.250  14.15  -19.33
 3      2.654  11.02  -22.46
 3      2.506  13.29  -20.82
 4      2.484  11.73  -21.76
 5      2.315  14.09  -19.40
 6      2.358  13.27  -20.21
 3     99.999  14.43  999.99
 0      2.642  12.17  -21.66
 3      2.445  13.55  -20.28
 3      2.634  12.00  -21.98
 4B     2.614  11.07  -22.41
 3      2.293  14.10  -19.38
 4      2.220  14.46  -19.37
 4      2.227  12.07  -19.78
 5      2.509  13.09  -20.74
 5      2.431  13.00  -20.72
 4      2.368  10.88  -21.01
 4      2.656  11.26  -21.59
 4      2.331  13.94  -19.52
 5      2.407  13.39  -19.90
 5      2.506  12.88  -21.26
 3B     2.571  12.67  -21.45
 4      2.589  12.65  -21.43
 5      2.435  11.79  -20.61
 5      2.396  11.20  -21.29
 5      2.537  11.02  -21.41
 5      2.662   9.68  -22.57
 5      2.631  10.27  -22.16
 5      2.596  10.80  -21.68
 3      2.429  11.50  -21.01
 5      2.431  11.15  -21.34
 5      2.228  13.87  -18.57
 5      2.468  11.17  -21.32
 5      2.379  12.26  -20.23
 3      2.426  11.99  -20.49
 3      2.602  10.38  -22.11
 5      2.730   9.37  -23.12
 4      2.471  11.06  -21.43
 5      2.491  11.35  -21.14
 5      2.531  12.25  -20.90
 3      2.415  12.43  -20.05
 3      2.561  11.01  -21.47
 5      2.601  10.61  -21.84
 5      2.320  12.34  -20.11
 5      2.520  11.07  -21.41
 5      2.527  11.28  -21.20
 5      2.209  13.93  -18.35
 5      2.629   9.91  -22.58
 5      2.572  10.75  -21.73
 3      2.478  11.90  -20.59
 3      2.703  10.39  -22.41
 5      2.485  12.64  -20.84
 5      2.350  11.87  -20.32
 5      2.526  11.43  -20.93
 5      2.567  11.62  -21.38
 5      2.420  12.68  -20.38
 3      2.700  11.40  -21.67
 4      2.436  12.77  -20.29
 3      2.612  12.09  -20.98
 3      2.525  11.89  -21.18
 3      2.418  12.82  -20.24
 4      2.442  12.85  -20.21
 3      2.483  12.35  -20.71
 5      2.610  11.02  -22.04
 4      2.507  11.82  -21.24
 5      2.340  13.10  -19.96
 3      2.223  14.18  -18.89
 3      2.292  12.39  -20.67
 5      2.558  11.38  -21.68
 5      2.585  12.11  -20.95
 5      2.422  13.01  -20.06
 5      2.532  11.79  -21.27
 3      2.609  11.75  -21.31
 5      2.301  12.06  -21.01
 5      2.592  11.17  -21.90
 3      2.607  11.64  -21.43
 5      2.489  12.00  -20.84
 4      2.441  12.08  -20.93
 5      2.447  12.42  -20.54
 5      2.509  11.43  -21.43
 3      2.602  10.72  -21.80
 5      2.592  10.96  -21.55
 5      2.477  10.59  -21.62
 3      2.410  11.79  -20.73
 0      2.651  10.59  -21.38
 5      2.501  11.77  -20.75
 4      2.330  11.81  -20.33
 5      2.528  11.20  -21.32
 5      2.342  12.45  -20.07
 5      2.429  11.66  -20.86
 5      2.225  13.93  -19.06
 3      2.378  12.73  -20.04
 4      2.458  13.48  -20.30
 3B     2.693  11.78  -22.39
 3B     2.104  12.75  -21.30
 6      2.463  13.70  -20.47
 5      2.384  13.31  -20.52
 5      2.481  13.93  -20.24
 1      2.563  12.77  -21.39
 4B     2.436  12.32  -20.87
 5      2.451  13.54  -20.62
 4      2.583  13.19  -21.37
 5      2.465  13.40  -20.77
 3      2.454  13.39  -20.77
 5      2.422  13.57  -20.59
 3      2.377  13.99  -20.18
 4      2.570  12.83  -21.33
 3      2.501  12.71  -21.46
 3      2.583  12.21  -21.96
 4      2.349  11.77  -22.40
 2      2.530  12.82  -21.35
 3      2.696  11.95  -22.21
 3      2.558  12.52  -21.65
 3      2.662  12.16  -22.01
 3      2.583  12.61  -21.56
 3      2.722  11.36  -22.81
 3      2.423  13.43  -21.16
 2      2.450  13.16  -21.00
 2      2.778  11.34  -22.83
 3      2.534  13.36  -20.81
 4      2.575  12.86  -21.30
 3      2.587  12.49  -21.68
 5      2.544  12.85  -21.32
 4B     2.502  12.19  -20.78
 3      2.476  13.18  -20.98
 3      2.346  13.77  -20.40
 5      2.570  12.42  -21.75
 5      2.527  13.07  -21.58
 2B     2.450  12.41  -21.76
 5      2.507  13.84  -20.34
 4      2.518  12.81  -21.36
 3      2.456  12.14  -20.93
 4B     2.649  11.76  -22.41
 4      2.636  12.19  -21.97
 2B     2.714  12.46  -21.71
 4      2.344  14.04  -20.13
 3      2.553  12.47  -21.70
 5      2.464  13.38  -20.79
 4      2.520  13.06  -21.09
 5B     2.528  12.92  -21.38
 5      2.165  12.39  -17.80
 5      2.494   9.29  -20.92
 3B     2.518  10.17  -20.02
 5      2.306  12.65  -18.03
 5B     2.362  10.65  -19.55
 5      2.212  11.98  -18.21
 5B     2.254  12.01  -18.20
 5      2.523   9.29  -20.92
 5      2.539   9.42  -20.77
 5      2.188  12.59  -17.61
 5      2.142  13.41  -16.80
 6      2.177  13.22  -16.97
 5      2.408  10.08  -20.11
 3      2.481  10.02  -20.17
 3B     2.633   8.75  -21.44
 5      2.391  10.74  -19.45
 3      2.329  11.23  -18.96
 6      2.191  12.16  -18.03
 3      2.569   9.20  -20.99
 6      2.377  10.70  -19.49
 5B     2.280  11.84  -18.35
 5      2.424  10.57  -19.64
 5      2.566   9.02  -21.17
 4      2.565   9.40  -20.79
 3      2.562   9.71  -20.42
 5B     2.251  12.52  -17.68
 3      2.580   9.10  -21.09
 5      2.328  10.76  -19.43
 3      2.572   9.13  -21.06
 5      2.106  13.30  -16.90
 5      2.282  13.36  -19.16
 4      2.465  11.59  -21.11
 3      2.365  11.81  -20.92
 3      2.664   9.90  -22.67
 5      2.658  10.19  -22.40
 5      2.386  12.41  -20.04
 3      2.173  12.62  -19.88
 5      2.205  13.67  -18.95
 4      2.431  11.68  -20.89
 5      2.510  10.98  -21.64
 4      2.363  12.07  -20.55
 5      2.428  11.50  -21.12
 3      2.447  11.55  -21.07
 5      2.647   9.89  -22.73
 3      2.491  11.61  -21.01
 4      2.328  13.09  -19.53
 1      2.586  11.64  -20.98
 5      2.247  13.12  -19.50
 3      2.510  11.51  -21.11
 5      2.433  12.25  -20.37
 5      2.283  13.25  -19.37
 5      2.602  11.24  -21.38
 5      2.346  12.90  -19.72
 5      2.499  11.28  -21.34
 5      2.334  13.27  -19.35
 5      2.153  13.34  -19.28
 3      2.225  13.10  -19.21
 5      2.559  10.55  -21.61
 5      2.284  13.35  -19.26
 5      2.482  12.02  -20.60
 4      2.243  12.54  -20.08
 5      2.211  13.87  -18.75
 3      2.477  11.88  -20.74
 5      2.389  12.25  -20.71
 5      2.306  13.22  -19.42
 3      2.763   9.64  -22.93
 5      2.536  10.39  -22.09
 5      2.453  11.59  -21.13
 5      2.510  11.02  -21.57
 5      2.503  11.66  -21.37
 5      2.632  11.69  -22.12
 3      2.557   9.98  -21.81
 3      2.647  11.98  -22.00
 3      2.536  11.71  -21.46
 5      2.481  10.83  -21.12
 5      2.652  12.65  -22.10
 5      2.328  12.71  -20.73
 5      2.367  13.06  -20.85
 3      2.643  11.90  -21.93
 4      2.540  12.26  -21.19
 5      2.621  11.05  -22.40
10      2.226  12.48  -19.37
 5      2.620  11.40  -22.04
 3      2.370  13.49  -19.96
 3      2.467  11.74  -21.71
 5      2.799  10.30  -23.06
 4      2.552   9.80  -22.15
 3      2.635  11.80  -21.85
 5      2.365  10.30  -20.75
 5      2.342  11.09  -20.57
 3      2.653  12.95  -22.11
 3      2.702  11.38  -22.21
 3      2.521  12.50  -21.11
 5      2.721  11.06  -22.54
 5      2.377  11.04  -21.10
 5      2.180  12.55  -19.12
 5      2.692  12.43  -22.33
 7      2.146  13.42  -18.12
 7      2.145  12.20  -19.01
 7      2.252  10.81  -20.35
 3      2.563  12.33  -21.73
 3      2.374  12.19  -20.05
 5      2.425  11.33  -20.90
 5      2.556  12.72  -21.52
 3B     2.560  12.80  -21.43
 3      2.503  13.07  -21.27
 4      2.510  13.60  -20.70
 3      2.630  12.81  -21.83
 2      2.667  12.26  -22.27
 2      2.494  12.98  -21.45
 5      2.659  12.56  -22.38
 4      2.448  13.40  -21.15
 3      2.496  13.62  -20.36
 2      2.470  13.49  -20.82
 5      2.545  12.77  -21.54
 4      2.536  12.88  -21.43
 5      2.483  13.07  -21.24
 5      2.541  13.01  -21.63
 5      2.472  13.15  -20.92
 3      2.540  13.35  -20.95
 2      2.716  12.31  -21.99
 3      2.469  13.72  -20.58
 3      2.691  11.98  -22.33
 5      2.550  13.23  -21.08
 5      2.514  13.04  -21.27
 3      2.508  13.22  -21.09
 6      2.616  12.43  -21.87
 1      2.569  12.69  -21.62
 3      2.629  12.08  -22.23
 4      2.399  13.66  -20.64
 6      2.420  13.57  -20.73
 3      2.569  12.59  -21.72
 2      2.666  12.53  -21.78
 3      2.584  12.97  -21.34
 5      2.308  14.27  -20.04
 4      2.668  11.97  -22.34
 5      2.377  13.87  -20.44
 5      2.430  13.26  -20.48
 5      2.708  11.98  -22.33
 3      2.566  12.50  -21.81
 5      2.386  13.72  -20.59
 5      2.396  13.08  -20.65
 5      2.442  13.42  -20.88
 2B     2.529  12.80  -21.51
 5      2.376  13.47  -20.56
 3      2.778  11.50  -22.81
 3      2.465  13.04  -20.98
 5      2.385  14.15  -20.16
 5      2.590  12.05  -21.80
 5      2.509  12.49  -21.35
 3B     2.727  11.79  -22.43
 5      2.339  13.46  -20.19
 4      2.571  12.59  -21.41
 6      2.233  12.88  -19.73
 3      2.399  12.27  -20.36
 3      2.518  11.39  -21.46
 5      2.490  11.71  -20.76
 5      2.435  12.00  -20.64
 3      2.531  11.12  -21.47
 5      2.332  12.55  -20.00
 3      2.380  12.57  -20.30
 8      2.178  13.21  -19.34
 5      2.345  11.77  -20.77
 5      2.347  12.32  -20.23
 6      2.043  13.65  -18.29
 4      2.335  12.16  -20.39
 3      2.322  13.10  -18.82
 5      2.547  10.63  -21.82
 5      2.461  11.40  -21.15
 5      2.512  10.88  -21.66
 5      2.403  11.93  -20.44
 5      2.175  13.09  -18.70
 5      2.415  11.24  -21.30
 7      2.228  13.06  -18.87
 5      2.216  12.31  -19.60
 5      2.362  11.73  -20.32
 5      2.562  11.07  -21.47
 5      2.296  11.38  -20.42
 3      2.207   9.92  -21.66
 3      2.627  11.41  -21.99
 5      2.403  13.06  -20.17
 5      2.335  13.33  -19.98
 5      2.208  13.20  -18.98
 3      2.445  12.90  -20.47
 5      2.528  10.00  -22.13
 4      2.342  12.98  -19.94
 4      2.372  13.27  -20.14
 5      2.524  11.05  -21.26
 4      2.671  11.87  -22.38
 3      2.405  12.43  -20.62
 3      2.623  11.67  -21.76
 6      2.452  12.79  -20.90
 3      2.574  12.14  -21.29
 3      2.591  11.83  -21.60
 5      2.373  13.17  -20.26
 5      2.537  12.38  -21.05
 3      2.716  11.23  -22.20
 3      2.533  11.90  -21.53
 4      2.572  11.72  -21.71
 5      2.627  11.52  -21.92
 7      2.076  11.26  -19.58
 3      2.376  13.42  -20.70
 3      2.607  12.20  -22.16
 3      2.563  11.63  -21.52
 3      2.487  11.16  -22.00
 5      2.589  11.72  -21.81
 5      2.670  12.38  -21.92
 5      2.414  12.73  -20.42
 5      2.464  13.36  -21.03
 6      2.322  12.93  -20.07
 4      2.650  11.18  -22.13
 3B     2.663  12.44  -22.43
 5      2.534  13.62  -21.36
 3B     2.685  12.60  -22.21
 3      2.500  13.10  -21.75
 3      2.547  13.07  -21.78
 3      2.618  12.75  -22.09
 3B     2.523  13.43  -21.38
 3      2.684  12.77  -22.04
 7      2.306  14.39  -20.42
 2      2.607  13.04  -21.80
 3      2.364  13.24  -21.60
 3      2.573  13.64  -21.21
 3      2.594  13.32  -21.53
 4      2.475  14.66  -20.18
 4      2.582  13.19  -21.65
 3B     2.579  12.90  -21.90
 3      2.548  13.37  -21.47
 2      2.740  12.69  -22.11
 2      2.699  12.72  -22.12
 5      2.526  13.83  -21.16
 5      2.631  12.76  -22.08
 3      2.749  12.00  -22.81
 3      2.627  12.94  -21.87
 2      2.722  12.49  -22.31
 2      2.697  12.65  -22.23
 5      2.505  13.33  -21.49
 5      2.585  11.34  -22.06
 5      2.595  11.47  -22.07
 5      2.225  13.00  -19.26
 3      2.404  11.63  -20.57
 5      2.385  12.29  -20.89
 5      2.310  12.63  -20.02
 5      2.263  12.36  -19.50
 3      2.455  11.76  -20.75
 5      2.511  12.06  -21.37
 5      2.371  11.55  -20.67
 5      2.637  10.98  -22.26
 3      2.431  12.86  -20.37
 5      2.607  11.09  -21.42
 3      2.301  11.26  -20.30
 3      2.482  10.07  -21.66
 5      2.468  11.45  -22.00
 5      2.607  11.44  -21.92
 5      2.321  13.48  -19.76
 3      2.359  12.62  -20.04
 5      2.258  13.66  -19.74
 5      2.483  11.76  -21.48
 5      2.527  11.71  -21.53
 5      2.374  12.50  -20.23
 3      2.649  10.75  -22.05
 3      2.432  12.85  -20.28
 3      2.723  10.90  -22.30
 5      2.432  11.92  -20.98
 5      2.439  11.51  -20.97
 5      2.412  12.16  -21.05
 3      2.386  12.47  -19.93
 3      2.742  10.44  -22.80
 3      2.740  10.91  -22.29
 5      2.513  11.86  -20.81
 5      2.410  12.60  -20.34
 5      2.522  12.07  -21.26
 3      2.526  12.49  -20.95
 5      2.571  11.87  -21.23
 5      2.345  13.36  -19.73
 4      2.445  11.36  -21.75
 3      2.477  12.26  -20.80
 5      2.398  13.36  -20.42
 5      2.479  12.01  -21.05
 7      2.301  12.78  -20.16
 3      2.335  13.03  -19.58
 5      2.461  12.73  -20.33
 3      2.263  13.11  -19.39
 5      2.412  12.36  -20.69
 5      2.470  11.81  -20.70
 5      2.645  10.07  -22.36
 5      2.482  11.74  -21.33
 3      2.493  11.68  -21.38
 3      2.547  10.86  -21.59
 5      2.184  14.90  -17.63
 5      2.411  12.19  -20.38
 3      2.721  10.54  -21.89
 5      2.483  12.93  -20.59
 3      2.581  11.88  -21.09
 5      2.235  13.92  -19.03
 5      2.406  12.86  -20.11
 5      2.154  13.11  -19.18
 3      2.372  11.73  -19.82
 5      2.448  11.12  -20.81
 5      2.255  12.82  -18.97
 5      2.535  11.46  -21.03
 5      2.514  11.56  -21.00
 5      2.182  13.35  -18.48
 4      2.198  14.22  -17.61
 3      2.288  13.02  -18.82
 5      2.408  11.68  -20.16
 5      2.562  11.19  -20.64
 3      2.438  11.50  -20.33
 5      2.278  13.55  -18.29
 7      2.225  12.93  -18.91
 5      2.204  13.31  -17.54
 3      2.711   9.45  -22.37
 5      1.939  14.05  -16.68
 3      2.589  10.85  -20.99
 5      2.449  11.71  -20.13
 3B     2.254  13.24  -18.60
 5      2.468  11.56  -20.28
 5      2.611  10.51  -21.99
 4      2.557  11.45  -20.26
 5      2.186  14.02  -17.85
 3      2.475  12.04  -20.72
 5      2.080  13.02  -17.90
 7      2.151  13.01  -18.70
 5      2.235  13.91  -18.68
 4      2.534  11.62  -20.96
 6      2.353  11.22  -20.10
 5      2.502   9.69  -20.56
 3      2.619  11.19  -21.28
 5      2.317  10.88  -19.02
 5      2.503  11.87  -20.32
 3      2.543  10.99  -20.63
 5      2.323  12.63  -19.05
 3      2.656  10.51  -21.77
 5      2.290  13.18  -18.76
 5      2.280  13.29  -18.80
 5      2.497   9.97  -20.40
 5      2.319  11.30  -19.43
 3      2.671  10.95  -20.18
 5      2.427  10.82  -20.28
 3      2.545  10.06  -20.71
 3      2.394  10.32  -19.74
 6      2.102  13.26  -16.96
 5      2.385  13.01  -20.25
 5      2.403  11.88  -20.59
 5      2.369  13.01  -19.74
 5      2.399  13.25  -20.04
 5      2.374  13.65  -18.84
 5B     2.290  14.24  -18.87
 5      2.445  12.33  -20.41
 5      2.673  11.43  -21.85
 5      2.346  13.64  -19.56
 3B     2.533  12.03  -21.17
 3      2.481  11.72  -20.11
 5      2.618  10.06  -21.77
 8      2.235  13.15  -19.60
 5      2.300  13.92  -19.28
 5      2.452  12.89  -20.44
10      2.275  12.96  -19.78
 5      2.318  13.13  -19.62
 3      2.463  12.50  -20.25
 3B     2.621  11.61  -21.72
 5B     2.306  13.28  -19.46
 3      2.471  12.20  -20.54
 5      2.472  12.27  -20.48
 4      2.191  13.13  -19.61
 5      2.391  13.99  -18.78
 3      2.558  11.62  -21.13
 3      2.310  13.21  -20.19
 5      2.342  14.07  -19.24
 6      2.149  14.33  -18.41
 3      2.268  13.82  -18.93
 3B     2.495  12.78  -19.98
 5      2.211  14.49  -18.45
 5B     2.262  13.73  -19.07
 5      2.368  11.43  -20.63
 5      2.377  13.24  -20.57
 5      2.381  13.51  -20.16
 3      2.654  12.77  -22.01
 5B     2.367  12.92  -20.65
 3      2.673  12.64  -22.14
 3      2.520  13.17  -21.61
 3      2.376  14.90  -19.89
 5      2.518  13.79  -21.00
 3      2.163  15.88  -18.90
 3      2.469  14.48  -20.30
 3      2.356  14.60  -20.18
 3      2.283  16.03  -19.29
 3B     2.621  12.65  -22.13
 3      2.443  13.81  -20.96
 1      2.423  14.11  -20.67
 5      2.753  13.19  -22.17
 3      2.659  12.77  -22.01
 3      2.599  13.20  -21.11
 5      2.351  13.56  -20.75
 5      2.523  13.08  -21.22
 5      2.463  13.61  -20.70
 5      2.631  12.27  -22.04
 5      2.318  14.13  -20.23
 3B     2.730  12.19  -22.59
 3B     2.725  11.96  -22.52
 4      2.584  12.93  -21.85
 5      2.599  13.21  -21.57
 5      2.514  13.60  -20.89
 3B     2.635  12.78  -22.50
 3      2.760  12.10  -22.60
 3      2.530  13.07  -21.42
 3      2.655  13.15  -21.64
 3      2.487  13.43  -21.05
 3      2.474  13.32  -21.16
 3      2.559  13.39  -21.09
 2      2.549  13.20  -21.28
 4      2.483  13.66  -20.82
 0      2.706  12.46  -22.02
 3B     2.607  12.46  -21.65
 4      2.433  13.49  -20.85
