 GIN  Name xx      CAN    cz     e sigma   e  dsigma
  1  A76 A        1  11296   53   262   53     99
  2  A76 B        1  11317   49   224   49     99
  3  A76 C        1  11973   51   217   50     99
  4  A76 D        1  12184   33   316  150     99
  5  A76 E        1  12189   14   184   10     23
  6  A76 F        1  12371   30   307   85     99
  8  A85 A        2  16604   35   290   53     99
  9  A85 B        2  17349   35   436   47     99
 10  A85 C      102  22837   71   999  999     99
 11  A85 1        2  15112   22   195   19     99
 12  A85 2        2  16264   31   294   37     99
 13  A119 A       3  11459   15   297   15     13
 14  A119 B       3  13330   20   278   21     10
 15  A119 C       3  13500   16   253   17      6
 16  A119 D       3  14982   16   104   18     99
 17  A119 E       3  12798   14   248   14      4
 18  A119 F       3  13018   12   175   13     33
 19  A119 G       3  13457   20   267   21     99
 21  A119 I       3  13271   22   225   20     99
 22  A119 J       3  13520   22   219   25     99
 23  A119 1     103   4127   19    92   54     99
 24  A119 2       3  12346   17   100   20     99
 25  J3 A         4  14453   34   333  114     99
 26  J3 B         4  13519   19   231   16     99
 27  J3 C         4  13770   23   163   57     99
 28  J3 D         4  14610   15   231   13     37
 31  J4 A         5  12074   26   185   75     99
 32  J4 B         5  12090   33   302  148     99
 33  J4 C       105  17154   36   358   48     99
 36  A147 A       6  12771   11   244    9     12
 37  A147 B       6  13119   11   316   10     20
 38  A147 C       6  13156   13   247   12      7
 39  A147 D       6  13444   12   185    9     15
 40  A147 E       6  13049   10   176    8      7
 41  A147 F       6  11922   12    87   10      4
 42  A147 1       6  12832   11   148    9      3
 43  A160 A       7  11401   15   181   17     19
 44  A160 B     107  18258   24   192   21     99
 45  A160 C       7  12380   34   412   58     99
 46  A160 D     107  18271   41   999  999     99
 47  A160 E       7  14056   13   226   16     12
 48  A160 F       7  13657   14   176   18     27
 49  A160 G       7  13137   13   196   20     22
 50  A160 H       7  13589   21   195   23     99
 51  A160 I     107  18643   41   999  999     99
 52  A160 J       7  11254    9   145   10     15
 53  A160 1     107  18108   50   999  999     99
 54  A160 2     107  18201   71   999  999     99
 56  A168 A     108   5299   19   265   16     99
 57  A168 B     108   5253   23   310   25     99
 58  A168 C       8  13313   22   216   22     99
 59  A168 D       8  13545   48   345   58     99
 60  A168 E       8  13402   44   340   54     99
 61  A168 F       8  13582   33   307   41     99
 63  A168 1       8  13488   25   230   26     99
 65  A189 A       9   5588   24   250   24     99
 66  A189 B       9   4837   25   181   15     99
 68  A189 D     109   9599   29   296   31     99
 69  J30 A       10  15390   16   303   12     26
 70  J30 B       10  14807   12   206    9      2
 71  J30 C       10  14704   13   204    9     20
 72  J30 D       10  16451   13   234    9      4
 73  J30 E       10  15253   13   223    9      0
 74  J30 F      210  20957   12   234    7      9
 75  J30 G      110  12206   50   999  999     99
 76  J30 1       10  15752   13   202    8     10
 77  J30 2       10  16463   11    58    8      8
 78  A193 A      11  14740   68   629  132     99
 79  A193 B      11  14673   25   187   16     99
 80  A193 C      11  14395   28   221   26     99
 81  A193 D      11  15181   25   254   29     99
 84  J32 A       12  12367   12   251    9     11
 85  J32 B       12  11647   11   273    8      6
 86  J32 C      112  20992   41   999  999     99
 87  J32 D       12  12252   13   196    8     11
 88  J32 E       12  12345   13   247    8      3
 89  J32 F       12  12192   11   116    8      1
 90  J32 G       12  13338   11   101    7      3
 92  J32 1       12  12694   12   109   11     20
 93  J32 2       12  12251   12   202    7      4
 94  J32 3       12  11938   12   144    8     19
 95  J32 4       12  12398   12   127    8      9
 96  A260 A      13  10651   33   346  106     99
 97  A260 B      13  11391   19   182   14     99
 98  A260 C      13  10296   30   295  122     99
 99  A260 D      13  11721   17   139   11     99
100  A260 E      13  11789   31   283   88     99
101  A260 F      13  10613   23   154   60     99
102  A260 G      13  10557   20   257   18     99
103  A260 H      13  11573   19   223   16     99
105  A262 A      14   4845   16   194   23     18
106  A262 B      14   5227   18   216   17      3
107  A262 C      14   5086   15   224   11      1
108  A262 D      14   5036   15   229   11      0
109  A262 E      14   5346   18   178   11     99
110  A262 F      14   5330   20   221   16     99
111  A262 G      14   4644   17   241   14     17
112  A262 H      14   4808   17   101   10     99
113  A262 I      14   5584   22   180   19     99
114  A262 1      14   5542   18   102   12     99
115  J7 A        15  10801   50   231   49     99
116  J7 B        15  10009   61   285   61     99
117  J7 C        15  10683   41   201   40     99
118  J7 D        15  10538   50   183   54     99
119  J7 E        15  10765   23   295   24     99
120  J7 F        15  11553   17   161   10     99
122  J8 A        16   8528   27   294   29     25
124  J8 C        16   9430   23   246   26     23
125  J8 D        16   9492   15   108   17     25
126  J8 E        16   9610   25   373   27     11
127  J8 F        16  10208   20   198   16     99
128  J8 G        16   9043   14   176   12      2
129  J8 H        16   9072   16    71    9     99
130  J8 I        16   9218   20   176   15     99
132  J8 K        16   9782   21   196   18     99
135  A376 A      17  14549   38   254   51     99
136  A376 B      17  13619   32   212   39     99
137  A376 C      17  14142   49   304   73     99
138  A376 D      17  14826   22   212   20     99
139  A376 E      17  15003   21   205   22     99
140  A376 F      17  13955   17   166   25     23
141  A376 G      17  14823   23   236   23     99
142  J9 A        18   7763   17   276   17     41
143  J9 B        18   8754   19   232   18     17
144  J9 C        18   8666   21   328   24     18
145  J9 D        18   8960   21   157   18     99
146  J9 E        18   8197   20   187   16     99
147  J9 F        18   7927   18   166   11     99
148  J9 G        18   8207   71   999  999     99
149  J33 A       19   8745   24   266   27     99
150  J33 B       19   9767   20   162   15     99
151  A397 A      20  10251   13   215   10     11
152  A397 B      20  10371   12   289   11     22
153  A397 C      20   8970   11   202    9     11
154  A397 D      20   9361   12   203   10     12
155  A397 E      20  10017   12   137    9      9
156  A397 F      20   9418   15   246   13     17
157  A397 G      20   9462   12   201   10     15
158  A397 H     120  16841   15   278   14     19
159  A397 I      20   9561   11   134    9      7
160  A400 A      21   6826   18   307   17     17
162  A400 C      21   7559   16   222   15     13
163  A400 D      21   6758   12   185   10      7
164  A400 E      21   6748   14   279   15     13
165  A400 F      21   7385   11   128    9      7
166  A400 G      21   7225   11   153    9      5
167  A400 H      21   8205   12   103   14     23
168  A400 I      21   6665   13   133   26     25
169  A400 J      21   6287   11   207   11      7
170  A400 K      21   8569   20   157   28     99
171  A400 L      21   6788   50   999  999     99
172  A400 1      21   6617   21   135   38     99
173  A400 2      21   8501   71   999  999     99
174  J28 A       22   8717   17   233   14     29
175  J28 B       22   8661   19   210   14     99
176  J28 C       22   8621   20   207   16     99
177  A419 A      23  20331   13   323   12     14
178  A419 B      23  21197   10   110    8     16
179  A419 C      23  21099   12   277   10      8
180  A419 D      23  20909   10   222    7      6
182  A419 F      23  19510   11   250    9     15
183  A419 G     123  11818   10   184    6      0
184  A419 H      23  20122   11   249    7     17
185  A419 I      23  20382   10   232    8     17
186  A419 J     123  11887   10   214    7     18
187  A419 1      23  19943   10   143    7      6
188  A419 2      23  20108   10   142    8     11
189  A496 A      24   9835   11   248   10     16
190  A496 B      24  10393   11   222    9     12
192  A496 D      24   9677   11   204    9      5
193  A496 1      24   9405   12   204    9     14
194  A496 2      24   9715   10   232    9     33
195  A496 3      24   8883    9   187    6     10
196  J34 A       25  10790   22   273   30     20
197  J34 B       25  12237   15   223   15      7
198  J34 C       25  10380   27   240   39     99
199  J34 D       25  10329   14   210   12     21
200  J34 E       25  11610   12   153   13     40
201  J34 F       25  11743   19   232   15     99
202  J34 1       25  10882   22   251   28     99
203  J34 2       25  10436   19   193   21     99
204  J34 3       25  10777   17    71   37     99
205  J34 4       25  10808   35   238   42     99
206  J10 A       26   8918   17   293   17     25
207  J10 B       26   8087   50   999  999     99
208  J10 C       26   9026   17   124   22     10
209  P597-1 A    27   4496   21   233   40     20
210  P597-1 B    27   4712   16   167   25     13
211  P597-1 C    27   4165   25   200   39     18
212  P597-1 D    27   4165   26   207   39     18
213  P597-1 E    27   5167   39   175   94     99
215  J35 A       28   9673   48   337   99     99
216  J35 B       28   9461   54   324   83     99
217  J35 C       28   9530   37   226   46     99
218  J35 D       28  10061   24    62   30     99
219  J35 E      128  16920   28   379   34     99
220  J35 1       28  11423   18   153   12     99
221  J34/35 A    29   9502   22   198   26     99
222  J34/35 B    29  10733   32   220   39     99
223  J34/35 C    29   8994   18   124   16     99
224  J34/35 D    29   8774   17    75   13     99
226  J34/35 2   129  16483   26   210   20     99
227  J34/35 3    29   9455   24    69    6     99
229  P777-1 B   130  16760   15   211   14      4
230  P777-1 C    30  12711   19   243   20      4
232  P777-2 A    31   7356   14   199    9      8
233  P777-2 B   131   9139   12   156    8      4
235  P777-2 D   131   9713   16   140    7     99
236  P777-2 E    31   7309   17   214   12     99
237  P777-2 F    31   7198   11    58   11     11
238  P777-2 1   131   9301   24   182   22     99
239  P777-3 A    32  16258   12   285   11      7
240  P777-3 B    32  16583   10   255    8      8
241  P777-3 C   232   8926    9   220    6      5
242  P777-3 D   332   4758    9   127    5      3
243  P777-3 E   132  13461   10   218    8      2
244  P777-3 F    32  16674   11   283   10     12
245  P777-3 G    32  16382   11   306    9     12
246  P777-3 H   132  13270   10   262    8      6
247  P777-3 1    32  16179   13   264   12     14
248  P777-3 2   132  13765   12    93   13     38
249  A533-1 A    33  12423   28   315   35      3
250  A533-1 B    33  11963   26   182   49     99
251  A533-1 C    33  12599   27   274   39      9
252  A533-1 D    33  10346   17   214   22     11
253  A533-1 E    33  11076   23   163   27     99
254  A533-1 F    34  14262   36   261   44     99
255  A533-1 G    34  14061   34   237   38     99
257  A533 A      34  14512   21   274   25     12
258  A533 B      34  14287   74   381  122     99
259  A533 C      34  15838   24   303   33     29
260  A533 D      34  14922   27   326   37     35
261  A533 E      34  14849   22   251   28     99
262  A533 F      34  13256   71   999  999     99
263  A533 G      33  12362   18   208   16     99
264  A533 H      33  10802   71   999  999     99
266  A548-1 A    35  11874   19   207   17     99
267  A548-1 B    35  12000   22   295   24     99
268  A548-1 C    35  12806   10   148    9     34
269  A548-1 D    35  13096   12   270   10      2
270  A548-1 E    36  13615   14   323   14     33
271  A548-1 F    35  12775    9   115    8     28
272  A548-1 G    35  11287   11   225    9      8
273  A548-1 H    35  11845   18   244   14     99
274  A548-1 I    36  12769   19   246   17     99
275  A548-1 J    36  12653   19   243   18     99
276  A548-1 K    35  12651   19   178   16     99
277  A548-1 L    35  11386   17   238   13     99
278  A548-1 M    35  11558   17   208   13     99
279  A548-1 N    35  11541   12   250   10     11
280  A548-1 O    35  10730   10   177    8     12
281  A548-1 P    36  12709   21   250   22     99
282  A548-1 Q    36  13755   11   223   10     27
283  A548-1 R    35  12645   20   230   24     10
285  A548-2 A    35  11861   11   269   11     12
286  A548-2 B    35  11548   14   284   14     17
287  A548-2 C    35  11040   41   999  999     99
288  A548-2 D    35  11831   15   272   14     10
289  A548-2 E    35  11141   18    80   51     99
290  A548-2 F    35  11345   12   215   12     17
291  A548-2 G    35  11919   10   173    8      7
292  A548-2 H    35  12765   11   220   11     12
293  A548-2 I   136   8998   14   226   11      4
294  A548-2 J   136   8529   11    62   12      9
295  A548-2 K    35  12662   11   197   10     12
296  A548-2 L    35  12569   71   999  999     99
297  A548-2 M    35  10600   71   999  999     99
298  A548-2 N    36  11667   20   311   24     20
299  A548-2 O    35  11310   14   204   16     23
300  A548-2 1    35  11161   10    69   15      2
301  A548-2 2    35  11581   16   277   19     19
302  J11 A       37   8853    9   217    8     11
303  J11 B       37   8825   11   249   10     11
304  J11 C       37   8915   19   219   20      3
305  J11 D       37   8705   21   143   19     99
306  J11 E      137  11399   20   126   12     99
307  J11 F       37   8763   13   136   12     17
308  J11 1       37   9265   33   210   37     99
310  J12 A       38  12115   41   268   45     99
311  J12 B      338  10873   36   298   37     99
312  J12 C       38  13206   34   202   39     99
313  J12 D      238  17845   28   232   40     99
314  J12 E       38  13288   15   213   11     23
315  J12 F       38  12542   18   258   17     12
316  J12 1      138  15408   17   218   14     20
317  J12 2       38  34905   65   284  124     99
318  J13 A       39   9333   32   264   31     99
319  J13 B       39   9323   24   183   23     99
320  J13 C       39   8724   27   130   45     99
321  J13 D       39   8728   32   217   34     99
322  J13 E      239  17438   56   368   64     99
323  J13 F       39   8625   25   172   26     99
324  J13 G       39   9060   37   303   39     99
325  J13 H       39   8764   21   248   30     99
326  J13 I       39   8857   20   179   29     99
328  J13 K       39   8927   24   199   26     99
329  J13 L      339  15651   31   225   40     99
330  J13 M       39   8808   16   145   18     21
331  J13 N      139  18872   72   999  999     99
332  J13 O       39   8762   75   999  999     99
333  J13 P       39   8671   17   180   10     99
334  J13 1      139  18851   47   331   65     99
335  J13 2      139  19410   25   178   29     99
336  J36 A       40  11230   23   289   25     38
337  J36 B       40  11624   19   231   21     33
338  J36 C      140   9966   27   194   23      5
339  J36 D       40  11982   16   250   14     14
340  J36 1      340  28974   32   159   54     99
341  J36 2      240  17291   27   253   23     99
342  J36 3      140   9647   21   187   14     99
343  J14 A       41   8722   30   255   30     99
344  J14 B       41   8955   28   205   28     99
345  J14 C       41   8632   31   158   61     99
346  J14 D       41   9247   34   213   78     99
347  J14 1      241  20534   81   529  142     99
348  J14 2       41   9307   16   157   14     19
349  J14 3      141  13280   25   196   30     99
350  J14 4      141  14090   19   164   11     99
351  J14 5      241  20345   41   151   61     99
352  J14-1 A     42   8721   29   247   29     99
353  J14-1 B     42   8954   28   205   28     99
354  J14-1 C     42   8306   28   179   30     99
355  J14-1 D     42   8842   21   122   21     99
356  J14-1 E     42   9138   19   182   15      2
357  J14-1 F     42   8734   14   188    8     20
358  J14-1 1    142  16133   32   282   38     99
359  J14-1 2    142  15649   37   272   34     99
360  J14-1 3    142  16096   72   999  999     99
361  J14-1 4    142  15574   73   999  999     99
362  A1983 A     43  13601   47   298   56     99
363  A1983 B     43  13205   19   289   17      7
364  A1983 C     43  14069   36   178   48     99
365  A1983 D     43  13749   43   254   53     99
366  A1983 E     43  13426   37   275   51     99
367  A1983 F     43  13819   18   179   13     99
368  A1983 G     43  13718   18   221   13     99
369  A1983 1     43  13631   22   210   19     20
370  A1983 2     43  13786   18   127   12     99
371  A1983 3    143  21438   23   218   20     99
372  A1991 A     44  17752   46   365   67     99
373  A1991 B     44  16954   35   260   61     99
374  A1991 C     44  16696   30   229   56     99
375  A1991 D    144  13213   44   369   65     99
376  A1991 E    144  13167   51   446   84     99
377  A1991 F    244  21199   64   383  100     99
378  A1991 1     44  17578   20    83   17     99
379  A1991 2     44  16636   28   266   38     12
380  A1991 3     44  16214   23   257   20     17
381  A1991 4     44  16504   73   999  999     99
382  A1991 5     44  17261   23   189   19     99
383  J16 A       45  10948   44   304   49     99
384  J16 B      245  14024   40   288   44     99
385  J16 C      345   7789   37   216   44     99
386  J16 D      145  15684   51   309   65     99
387  J16 E       45  10810   15   255   11     11
388  J16 F       45  11405   14   241   12      7
390  J16 1      145  15972   23   161   14     99
392  J16 3       45  11533   72   999  999     99
393  J16 4      145  15616   24   252   19     99
394  J16 5       45  10930   20   187   13     99
395  J16-W A     46  10800   22   258   35     99
396  J16-W B     46  11325   24   127   27     99
397  J16-W C     46  10404   22   218   33     99
398  J16-W D     46  11137   27   325   24     99
399  J16-W E     46  10788   35   209   44     99
400  J16-W F     46  10717   21   142   70     99
401  J16-W G     46  11325   23   203   16     99
402  J16-W H     46  12462   23   234   36     99
403  J16-W I    146  23945   25   215   23     99
404  J16-W 1     46  11269   21    93    9     99
406  A2063-S A   50  11785   19   221   48     42
408  A2063-S C   47  13876   27   246   23     99
409  A2040 A     48  13709   24   187   28     99
410  A2040 B     48  13722   24   223   20     99
411  A2040 C     48  13213   15   196   12      4
412  A2040 D     48  31895   23   239   22     99
413  A2040 E     48  12927   63   336  125     99
414  A2040 F     48  13449   42   353   61     99
415  A2040 G     48  13520   75   999  999     99
416  A2040 H    148  23099   73   999  999     99
418  A2040 2     48  13723   48   272   82     99
419  A2052 A     49  10308   30   300   45     19
420  A2052 B     49   9359   17   168   21     25
421  A2052 C     49   9983   21   218   15     99
422  A2052 D     49   9085   20   134   18     99
423  A2052 E     49   9571   22   160   20     99
424  A2052 F     49  10328   19   119   15     99
425  A2052 G     49  10974   22   230   15     99
426  A2063 A     50  10223   35   240   52     99
427  A2063 B     50  10354   16   175   11      5
428  A2063 C     50  10351   21   198   14     99
429  A2063 D     50  10375   20   147   12     99
430  A2063 E     50   9835   23   204   18     99
431  A2063 F     50  10732   19   137   10     99
432  A2063 G     50   9868   22   186   16     99
433  A2063 H     50  10318   21   217   14     99
436  A2107 A     51  12525   25   324   31     46
437  A2107 B     51  12579   21   258   33     99
438  A2107 C     51  12165   26   172   29     99
439  A2107 D     51  12955   23   265   22     99
440  A2107 E     51  12388   22   136   13     99
441  A2107 1     51  12949   20    75   11     99
443  J17 A       52  10102   26   264   27      6
444  J17 B       52   9980   22   175   28     10
445  J17 C       52   8956   32   195   36     99
446  J17 D       52   9925   43   308   47     99
447  J17 E       52   9955   36   224   57     99
449  J17 G       52  10978   27   147   49     99
453  A2147 A     53  10588   38   264   59     99
454  A2147 B     53  10700   35   246   51     99
455  A2147 C     53  11654   39   221   69     99
456  A2147 D     53  11877   57   337  109     99
457  A2147 E     53  11032   22   253   16     99
459  A2147 G     53  11056   30   222   40     99
460  A2147 H     53  10602   48   259  100     99
461  A2147 I     53  10418   25   249   21     99
462  A2147 J     53  11538   21   155   14     99
466  A2147 4     53  10673   21   155   12     99
467  A2147 5     53   9498   21   216   14     99
468  P386-1 A    54   4410   21   249   27     99
469  P386-1 B   154  13830   22   191   34     99
471  P386-1 1   254  26612   74   382  160     99
472  P386-2 A    55   9607   15   259   11      2
473  P386-2 B    55   9715   17   170   10     99
474  P386-2 C    55   9589   17   210   11      1
476  P386-2 1   155  20285   32   134   48     99
478  A2148 A     56  26874   34   284   40     99
479  A2148 B     56  25701   29   255   30     99
480  A2148 C    256  12730   23   123   27     99
481  A2148 D    156   7955   21    65   12     99
482  A2148 E    356  21558   73   999  999     99
485  A2148 2     56  26265   55   278   96     99
487  J18 A       57   9630   54   384   60     99
488  J18 B       57   9018   24   128   27     99
489  J18 C       57   9517   60   358   80     99
490  J18 D       57   9729   17   106   10     14
491  J18 E       57   9507   23   179   15     99
492  J18 F       57   9725   21   114   13     99
493  J18 1      157  16075   47   221   74     99
495  A2151 A     58  10526   68   409  128     99
496  A2151 B     58  10705   22   209   24     99
497  A2151 C     58   9917   46   224   73     99
498  A2151 D     58   9360   22   213   16     99
499  A2151 E     58   9936   21   162   10     99
500  A2151 F     58  10355   37   192   53     99
501  A2151 G     58  12076   33   366   51     99
502  A2151 H     58  11689   23   225   18     99
503  A2151 I     58  12020   21   108   10     99
504  A2151 J     58  11324   25   270   27     99
505  A2151 K     58  10595   16   195   11     19
506  A2151 L     58  11373   21   110   11     99
507  A2151 M     58  11044   27   323   29     99
508  A2151 N     58  11404   23   251   20     99
509  A2151 O     58  11631   24   213   19     99
510  A2151 1     58  11136   58   285  149     99
511  A2152 A     59  12066   20   280   19      0
512  A2152 B     59  13246   26   237   19     99
513  A2152 C     59  12311   17   240   15     13
514  A2152 D     53  10896   16   162   13     13
515  A2152 E     59  11893   24   134   33     99
517  A2152 G     53  10142   19   153   11     99
518  A2152 H     59  13283   30   280   26     99
519  A2152 I     59  13624   40   313   34     99
524  A2152 N     59  12930   19   150   13     16
525  A2152 1     59  13559   26   263   26     99
527  A2152 3     53  10412   20   112   12     99
528  P445-1 A    60  13618   25   252   25     99
529  P445-1 B    60  14323   24   181   19     99
530  P445-1 C    60  13880   30   283   35     99
531  P445-1 D    60  14329   23   161   15     99
532  P445-1 E   260  18545   30   247   33     99
533  P445-1 F    60  13817   24   211   18     99
534  P445-1 G   160   9823   22   162   13     99
535  P445-1 1   160  11125   30   132   44     99
536  P445-2 A    53  11106   25   343   35     99
537  P445-2 B    53  10388   24   225   20     99
538  P445-2 C    61   4742   21   185   10     99
539  P445-2 D    61   4742   21   137    7     99
540  A2162-N A   62  14847   22   172   16     99
541  A2162-N B   62  14395   28   222   25     99
542  A2162-N C   62  15172   20   201   18     19
543  A2162-N D   62  15367   31   234   24     99
545  A2162-N 1   62  14811   53   301  100     99
546  A2162-S A   63   9602   28   288   31     31
547  A2162-S B  163  14994   85   487  142     99
548  A2162-S C  163  14905   18   256   13      2
549  A2162-S D  163  16237   18    71   14     99
550  A2162-S E  163  16086   14   183   10     11
552  A2162-S G   63   9613   84   448  196     99
554  A2162-S I  163  15593   40   223   61     99
555  A2162-S 1   63   9883   32   147   45     99
556  A2162-S 2  263  27486   73   999  999     99
557  J20 A       64   9429   31   266   43     99
558  J20 B       64   8921   16   204   21     12
559  J20 C       64   9431   23   283   37     99
560  J20 D       64   8695   22   192   39     99
561  J20 E       64   8836   21   206   13     99
562  A2197 A     65   8784   15   257   18      5
563  A2197 B     65   9523   21   210   21     22
564  A2197 C     65   8820   16   276   18      8
565  A2197 D     65   8970   19   110   17     99
566  A2197 E     65   8922   13   261   13     13
568  A2197 G     65   8248   24   156   29     99
571  A2197 J     65   9092   13   154    8     13
572  A2197 K     65   9553   33   168   47     99
573  A2197 L     65   9673   20   192   12     99
574  A2197 M     65   9524   34   177   47     99
578  A2197 3     65  10344   34   168   47     99
579  A2199 A     66   9303   30   281   39     99
580  A2199 B     66   8800   21   158   30     99
581  A2199 C     66   7834   21   160   11     99
582  A2199 D     66   8716   21   194   12     99
583  A2199 E     66   9517   21   117    8     99
584  A2199 F     66   8652   14   192    9      0
585  A2199 G     66  10701   21   109    8     99
586  A2199 H     66   8856   23   189   15     99
588  A2199 J     66   9092   24   171   16     99
589  A2199 K     66   9127   21   168   12     99
590  A2199 L     66   8897   21   166   12     99
591  A2199 M     66  10108   21   181   12     99
592  A2199 N     66   9918   21   144   11     99
593  A2199 O     66   9006   22   192   14     99
595  A2199 1     66   8814   19   193   14      0
596  A2199 2    166  17795   46   256   77     99
598  J21 A      167   6085   16   200   21      8
600  J21 C       67  13119   33   287   47     99
601  J21 D       67  13778   22   198   17     99
602  J21 E       67  14348   21   327   22     22
604  J21 G       67  14201   21   178   96     99
606  J21 I       67  13259   24   222   20     99
607  J21 1       67  13750   23   197   18     99
608  J21 2       67  14675   23   172   17     99
609  A2247 A     68  11111   22   209   33     99
610  A2247 B     68  11844   22   229   34     99
611  A2247 C     68  11796   22   226   37     99
612  A2247 D     68  11251   22   214   36     99
613  A2247 E     68  11366   22   223   36     99
614  A2247 F     68  11679   24   270   20     99
615  A2247 1     68  11696   32   136   69     99
616  A2247 2     68  11371   17    97   25     99
617  P332-1 A    70  10675   14   204   11      0
618  P332-1 B    70  10785   23   260   38     99
619  P332-1 C    70  10066   14   164   17      5
620  P332-1 D    69  16941   24   204   33     99
621  P332-1 E    69  17747   24   234   25     99
622  P332-1 F    70  10522   22   177   20     99
623  P332-1 G    70  10042   47   284   84     99
626  J22 A       70  10448   24   330   32     17
627  J22 B       70  10358   30   296   33     29
628  J22 C       70   9729   21   222   23     15
629  J22 D       70   9723   34   243   38     99
630  J22 E       70  10542   20   233   24      9
631  J22 F       70  10952   28   141   32     99
632  J22 G       70   9949   21   273   20     18
633  J22 H       70  10376   14   172    9     10
634  J23 A       71   8220   26   347   40     64
635  J23 B       71   8867   19   245   25      3
636  J23 C       71   8496   20   185   29     29
638  J23 E       71   8275   20   147   24      4
639  J24 A       72   9858   27   253   37     30
640  J24 B       72  10228   16   103   22     20
641  J24 C       72  10346   22   208   40      3
642  J24 D       72  10695   72   999  999     99
643  J24 E       72  10427   25   195   37     99
645  J25 A       73   8233   23   204   27     12
646  J25 B       73   8354   21   206   24      4
647  J25 C       73   7775   18   140   24     33
648  J26 A       74  15045   20   269   30     20
649  J26 B      174  18187   37   284   65     99
650  J26 C       74  15292   20   281   41      2
651  J26 1       74  15341   71   999  999     99
652  J26 2       74  14188   19   134   35     99
653  J27 A       75  10646   30   289   46     31
654  J27 B       75   9325   29   235   40      5
655  J27 C       75   9784   32   221   43     99
656  J27 D       75   9424   20    95   21     99
657  J27 E       75   9740   15   192   22     32
658  J38 A       76  15519   31   385   42      7
659  J38 B       76  14818   16   190   21     23
660  J38 C       76  16207   19   125   21     25
661  J38 1       76  14918   26   108   43     99
662  P522-1 A    77   7318   10   288    6     11
663  P522-1 B    77   7847   10   249    7     14
664  P522-1 C    77   7697   10   101    6      7
665  P522-1 D    77   7933    8   184    6     16
666  P522-1 E    77   7315   10   166    8     12
667  P522-1 F    77   8340   10   134    6     10
668  P522-1 G    77   7118   11   191    6      8
669  P522-1 1    77   7572   11   186    6      8
670  P522-1 2   177  23926   13   216   11      5
672  P522-1 4    77   7607   10    85    6     17
673  P522-1 5   277  27282   13   119   12     42
674  A2572 A     78  11793   20   305   21      9
675  A2572 B     78  11384   15   263   17     20
676  A2572 C     78  11263   23   296   24     15
677  A2572 D     78  11260   16   182   12     16
678  A2572 E     78  11297   50   999  999     99
680  A2572 2     78  12027   14   149   16      8
681  A2589 A     79  12327   10   254    9      7
682  A2589 B     79  12773   11   261   10     16
683  A2589 C     79  14145   10   165    8     31
684  A2589 D     79  13549   11   225    9     11
685  A2589 E     79  10403    9    70    8     12
686  A2589 F     79  12124   12   254   10     11
687  A2589 G     79  12535   12   183   10     20
688  A2589 H     79  13420   13   244   11     21
689  A2589 1     79  13329   11   121    9      3
690  A2589 2     79  12312   13   113   17     38
691  A2593-N A   80  12489   17   246   13      4
692  A2593-N B   80  11601    8   208    8     18
693  A2593-N C   80  13381   10   204    8     18
694  A2593-N D   80  12637    9   231    6     15
695  A2593-N E   80  11591   11   311   10      9
696  A2593-N F   80  12424    9   165    6     10
697  A2593-N G   80  11747    9   142    7     15
698  A2593-N H   80  12645   10   239    7      9
699  A2593-N I   80  12263   10   256    8     10
700  A2593-N J   80  12617    8   235    6     18
701  A2593-N K   80  12634    8   238    6      6
702  A2593-N L   80  11823    8   202    6     11
703  A2593-N M   80  13189    8   182    7     12
704  A2593-N 1   80  11704   11   240    8     11
705  A2593-N 2   80  13110   10   170    7     10
706  A2593-N 3  180  27822    8   229    7     29
707  A2593-N 4   80  11781   10   125    6     10
708  A2593-N 5   80  11096   11    57    9      3
709  A2593-S A   80  12713   11   330   11     39
710  A2593-S B   80  12150    8   178    7      8
711  A2593-S C   80  13066   12   293   12      8
712  A2593-S D   80  11046    9   214    8      6
713  A2593-S E   80  12554   10   143    7      7
714  A2593-S F   80  12805   10   124    8     16
715  A2593-S G   80  12880   10   107    9      8
716  A2634 A     82   9060   14   312   11     10
717  A2634 B     82   9274   12   236    8      9
718  A2634 C     82   9502   12   190    7     20
719  A2634 D     82  10774   15   231   12     15
720  A2634 E     82   9272   14   269   13      7
721  A2634 F     82  10211   13   135   10      4
722  A2634 G     82   9398   15   333   17      7
723  A2634 H     82  11694   15   271   19     24
724  A2634 I     82   9958   13   211   12      8
725  A2634 J     82   8701   17   219   16     15
726  A2634 K     82  10011   13   214   12      8
728  A2634 2     82   9406   31   296   35     99
729  A2657 A     83  12063   14   179   18     19
730  A2657 B     83  12354   18   281   20     14
731  A2657 C     83  12298   12   196   13      9
732  A2657 D     83  12542   19   221   19     99
733  A2657 E     83  10725   15   215   14      9
734  A2657 F     83  11876   15   239   15     24
735  A2657 G     83  13594   12   150   11      7
736  A2657 H     83  12249   14   219   13      3
737  A2657 1     83  11719   20   152   25     99
738  A2666 A     84   8153   17   257   19     15
739  A2666 B     84   7649   14    84   20      1
740  A2666 C     84   8511   17    93   11     99
741  A2666 D     84   9018   71   999  999     99
742  A2666 E     84   8391   19   181   14     99
750  COMA 70     90   6368   21   139   13     99
751  COMA 69     90   7065   29   206   25     99
752  COMA 240    90   6761   24   286   24     99
753  COMA 239    90   6266   22   196   14     99
754  COMA 194    90   7963   36   276   45     99
755  COMA 159    90   6811   15   179    9     18
756  COMA 133    90   4829   15   208   11     12
758  COMA 31     90   7376   33   204   36     99
759  COMA 49     90   7853   24   293   18     99
761  COMA 103    90   4752   16   205   17     99
762  COMA 106    90   5132   21   151   14     99
763  COMA 107    90   6499   21   133   20     99
764  COMA 118    90   7497   21   170   11     99
765  COMA 129    90   7199   21   250   20     21
766  COMA 134    90   7021   21   141   13     99
767  COMA 135    90   8312   14   117   15      2
768  COMA 136    90   5706   24   181   18     99
769  COMA 148    90   6451   20   356   20     11
770  COMA 160    90   7673   20   148   10     99
771  COMA 172    90   5734   34   171   48     99
772  COMA 217    90   6713   30   200   41     99
773  N3379       95    908   12   185    7      4
774  N 936       95   1425    9   150    6      2
775  N3115       95    732   20   239   14     99
776  N3377       95    643   18   116   15     99
777  N4365       95   1252   19   236   16     99
778  N4374       91   1028   18   236   13     99
779  N4382       91    719   18   134   11     99
780  N4406       91   -209   20   246   17     99
781  N4472       91    984   18   260   11     99
782  N4473       91   2250   13   164    6     10
783  N4486B      91   1494   21   158   17     99
784  N4494       95   1351   17   145   10     99
785  COMA 130    90   7247   29   236   26     99
786  COMA 153    90   6693   21   149   12     99
787  COMA 124    90   6705   22   204   16     99
788  COMA 125    90   6926   23   186   18     99
789  COMA 143    90   5000   38   219   57     99
790  COMA 168    90   7044   41   244   66     99
791  COMA 151    90   6379   10   152    7      7
792  COMA 150    90   7258   14   112   12      0
794  N 584       95   1854   11   179    6      3
795  N 596       95   1876   11   146    6      9
796  N4697       95   1237   19   164    7     99
797  N5846       95   1724   32   221   47     99
799  N7626       95   3403   10   244    8      8
800  N4486       91   1290   22   321   14     99
